0.7791940298507463 [1.09, 0.7014925373134329, 0.7014925373134329]
0.5762089552238806 [1.09, 0.4477611940298507, 0.44776119402985076]
0.5552686567164179 [1.045, 0.4328358208955224, 0.43283582089552236]
0.4905671641791045 [1.02, 0.35820895522388063, 0.3582089552238806]
0.5223880597014925 [1.0, 0.4029850746268657, 0.40298507462686567]
0.4805671641791045 [0.97, 0.35820895522388063, 0.3582089552238806]
0.4615671641791045 [0.875, 0.35820895522388063, 0.3582089552238806]
0.47368656716417906 [1.055, 0.32835820895522383, 0.3283582089552239]
0.42668656716417913 [0.82, 0.32835820895522383, 0.3283582089552239]
0.4078059701492537 [0.845, 0.29850746268656714, 0.29850746268656714]
0.38992537313432835 [0.875, 0.26865671641791045, 0.26865671641791045]
0.4308059701492537 [0.96, 0.29850746268656714, 0.29850746268656714]
0.4288656716417911 [1.01, 0.28358208955223885, 0.2835820895522388]
0.4338059701492537 [0.975, 0.29850746268656714, 0.29850746268656714]
0.4208656716417911 [0.97, 0.28358208955223885, 0.2835820895522388]
0.4218656716417911 [0.975, 0.28358208955223885, 0.2835820895522388]
0.4108656716417911 [0.92, 0.28358208955223885, 0.2835820895522388]
0.39398507462686566 [0.955, 0.25373134328358204, 0.2537313432835821]
0.4179253731343283 [1.015, 0.26865671641791045, 0.26865671641791045]
0.40498507462686567 [1.01, 0.25373134328358204, 0.2537313432835821]
0.41092537313432836 [0.98, 0.26865671641791045, 0.26865671641791045]
0.4118059701492537 [0.865, 0.29850746268656714, 0.29850746268656714]
0.375044776119403 [0.92, 0.23880597014925375, 0.23880597014925373]
0.383044776119403 [0.96, 0.23880597014925375, 0.23880597014925373]
0.3431641791044776 [0.88, 0.20895522388059706, 0.208955223880597]
0.3471641791044776 [0.9, 0.20895522388059706, 0.208955223880597]
0.354044776119403 [0.815, 0.23880597014925375, 0.23880597014925373]
0.3291641791044777 [0.81, 0.20895522388059706, 0.208955223880597]
0.3401044776119403 [0.805, 0.22388059701492535, 0.22388059701492538]
0.3281641791044777 [0.805, 0.20895522388059706, 0.208955223880597]
0.3281641791044777 [0.805, 0.20895522388059706, 0.208955223880597]
0.3281641791044777 [0.805, 0.20895522388059706, 0.208955223880597]
0.3421044776119403 [0.815, 0.22388059701492535, 0.22388059701492538]
0.3201641791044777 [0.765, 0.20895522388059706, 0.208955223880597]
0.3181641791044777 [0.755, 0.20895522388059706, 0.208955223880597]
0.3181641791044777 [0.755, 0.20895522388059706, 0.208955223880597]
0.3161641791044776 [0.745, 0.20895522388059706, 0.208955223880597]
0.3161641791044776 [0.745, 0.20895522388059706, 0.208955223880597]
0.30322388059701494 [0.74, 0.19402985074626866, 0.19402985074626866]
0.30222388059701494 [0.735, 0.19402985074626866, 0.19402985074626866]
0.30622388059701494 [0.755, 0.19402985074626866, 0.19402985074626866]
0.29428358208955224 [0.755, 0.17910447761194026, 0.1791044776119403]
0.29328358208955224 [0.75, 0.17910447761194026, 0.1791044776119403]
0.29328358208955224 [0.75, 0.17910447761194026, 0.1791044776119403]
0.29228358208955224 [0.745, 0.17910447761194026, 0.1791044776119403]
0.29028358208955224 [0.735, 0.17910447761194026, 0.1791044776119403]
0.28728358208955224 [0.72, 0.17910447761194026, 0.1791044776119403]
0.28428358208955223 [0.705, 0.17910447761194026, 0.1791044776119403]
0.28428358208955223 [0.705, 0.17910447761194026, 0.1791044776119403]
0.28228358208955223 [0.695, 0.17910447761194026, 0.1791044776119403]
0.28228358208955223 [0.695, 0.17910447761194026, 0.1791044776119403]
0.27928358208955223 [0.68, 0.17910447761194026, 0.1791044776119403]
0.2663432835820896 [0.675, 0.16417910447761197, 0.16417910447761194]
0.2663432835820896 [0.675, 0.16417910447761197, 0.16417910447761194]
0.2663432835820896 [0.675, 0.16417910447761197, 0.16417910447761194]
0.2663432835820896 [0.675, 0.16417910447761197, 0.16417910447761194]
0.2643432835820896 [0.665, 0.16417910447761197, 0.16417910447761194]
0.2643432835820896 [0.665, 0.16417910447761197, 0.16417910447761194]
0.2613432835820896 [0.65, 0.16417910447761197, 0.16417910447761194]
0.2593432835820896 [0.64, 0.16417910447761197, 0.16417910447761194]
0.2583432835820896 [0.635, 0.16417910447761197, 0.16417910447761194]
0.2573432835820896 [0.63, 0.16417910447761197, 0.16417910447761194]
0.2573432835820896 [0.63, 0.16417910447761197, 0.16417910447761194]
0.2573432835820896 [0.63, 0.16417910447761197, 0.16417910447761194]
0.2573432835820896 [0.63, 0.16417910447761197, 0.16417910447761194]
0.2573432835820896 [0.63, 0.16417910447761197, 0.16417910447761194]
0.2573432835820896 [0.63, 0.16417910447761197, 0.16417910447761194]
0.2573432835820896 [0.63, 0.16417910447761197, 0.16417910447761194]
0.2543432835820896 [0.615, 0.16417910447761197, 0.16417910447761194]
0.2543432835820896 [0.615, 0.16417910447761197, 0.16417910447761194]
0.2543432835820896 [0.615, 0.16417910447761197, 0.16417910447761194]
0.2543432835820896 [0.615, 0.16417910447761197, 0.16417910447761194]
0.2543432835820896 [0.615, 0.16417910447761197, 0.16417910447761194]
0.2533432835820896 [0.61, 0.16417910447761197, 0.16417910447761194]
0.2533432835820896 [0.61, 0.16417910447761197, 0.16417910447761194]
0.2533432835820896 [0.61, 0.16417910447761197, 0.16417910447761194]
0.2533432835820896 [0.61, 0.16417910447761197, 0.16417910447761194]
0.2533432835820896 [0.61, 0.16417910447761197, 0.16417910447761194]
0.24140298507462685 [0.61, 0.14925373134328357, 0.14925373134328357]
0.24040298507462685 [0.605, 0.14925373134328357, 0.14925373134328357]
0.24040298507462685 [0.605, 0.14925373134328357, 0.14925373134328357]
